Generation;Fitness
[1]; 36,12317
[2]; 14,58034
[3]; 7,02102
[4]; 2,46152
[5]; 1,76742
[6]; 1,32551
[7]; 1,02721
[8]; 0,78114
[9]; 0,63977
[10]; 0,43529
[11]; 0,29949
[12]; 0,22822
[13]; 0,18593
[14]; 0,15782
[15]; 0,1226
[16]; 0,11148
[17]; 0,09297
[18]; 0,097
[19]; 0,0846
[20]; 0,08834
[21]; 0,08424
[22]; 0,06229
[23]; 0,07416
[24]; 0,07224
[25]; 0,06517
[26]; 0,05774
[27]; 0,04736
[28]; 0,04177
[29]; 0,04888
[30]; 0,04779
[31]; 0,06674
[32]; 0,05465
[33]; 0,05426
[34]; 0,05904
[35]; 0,05318
[36]; 0,05322
[37]; 0,04888
[38]; 0,04848
[39]; 0,0477
[40]; 0,04463
[41]; 0,04713
[42]; 0,04132
[43]; 0,04388
[44]; 0,04888
[45]; 0,05032
[46]; 0,06104
[47]; 0,05183
[48]; 0,07224
[49]; 0,04469
[50]; 0,04399
[51]; 0,0405
