Generation;Fitness
[1]; 36,12317
[2]; 13,54482
[3]; 6,49773
[4]; 3,83364
[5]; 2,07596
[6]; 1,24534
[7]; 0,82366
[8]; 0,63091
[9]; 0,45882
[10]; 0,36091
[11]; 0,28465
[12]; 0,21413
[13]; 0,1776
[14]; 0,16274
[15]; 0,12259
[16]; 0,11806
[17]; 0,09653
[18]; 0,08515
[19]; 0,09182
[20]; 0,08755
[21]; 0,08381
[22]; 0,0803
[23]; 0,08484
[24]; 0,07404
[25]; 0,0644
[26]; 0,07101
[27]; 0,06135
[28]; 0,07245
[29]; 0,07611
[30]; 0,07163
[31]; 0,06799
[32]; 0,07627
[33]; 0,07448
[34]; 0,07588
[35]; 0,08149
[36]; 0,08065
[37]; 0,06674
[38]; 0,06532
[39]; 0,07213
[40]; 0,06022
[41]; 0,07488
[42]; 0,0737
[43]; 0,06392
[44]; 0,06495
[45]; 0,06714
[46]; 0,06898
[47]; 0,07162
[48]; 0,07228
[49]; 0,07382
[50]; 0,06643
[51]; 0,07952
